Funcion                   Algoritmo          D       Pro.Ite.        Mejor Optimo          Peor Optimo     Promedio Optimos   Desviacion Optimos      Tiempo Promedio 
Step                  BHillClimbing         10              0      234,0000000000      2106,0000000000    d  1115,2000000000    228612,3034482759           0,002
Step                   HillClimbing         10              0     1466,0000000000     44232,0000000000    d 20017,2000000000 116022279,3379310200           0,003
Step                 HillClimbingSA         10              0     6349,0000000000     46689,0000000000    d 23641,3666666667  97287687,8954022800           0,003
Step                HillClimbingSAR         10              0      371,0000000000     13595,0000000000      6382,5000000000  12017021,7068965510           0,002
Step                   RandomSearch         10              0     3287,0000000000      7690,0000000000      5534,1000000000   1553545,8172413800           0,003
Step                 HillClimbingRR         10              0     5376,0000000000     15039,0000000000      9539,9000000000   4647763,8862068970           0,002
Step             SimulatedAnnealing         10              0        2,0000000000        19,0000000000         4,7333333333        13,1678160920           0,003

Sphere                BHillClimbing         10              0      381,4153206778      2307,5893391791     d 1220,5350631509    203108,9307813589           0,003
Sphere                 HillClimbing         10              0        0,0741182753         0,2029473603         0,1490453777         0,0012478960           0,002
Sphere               HillClimbingSA         10              0      678,8993420526      9824,6124671014     d 5163,0258225075   4506809,6591031090           0,002
Sphere              HillClimbingSAR         10              0        0,3054792254      8190,3476373517     d 2815,3387531487   5501472,1623076800           0,002
Sphere                 RandomSearch         10              0     2314,5387754497      7271,6798535405      5248,9001900771   1449603,4908842654           0,002
Sphere               HillClimbingRR         10              0     5393,7551779021     12679,1028763036      9495,6969146956   3180412,8912604890           0,002
Sphere           SimulatedAnnealing         10              0        0,7228991888         4,4763908157         2,0020982374         0,7483912305           0,002

Schwefel              BHillClimbing         10              0     1228,8839962844      4524,0341677685     d 2523,1457681626    775935,8596481326           0,002
Schwefel               HillClimbing         10              0        0,1039642468         0,3053829714         0,2047549814         0,0023207729           0,002
Schwefel             HillClimbingSA         10              0      808,6699101228     46673,7619068502      6797,0057009300  76539436,3064165400           0,002
Schwefel            HillClimbingSAR         10              0      562,1579051062     18125,9236620763      4771,4534265388  14482747,8239151310           0,002
Schwefel               RandomSearch         10              0     2834,5340938666      8134,5864645095      5253,7542272693   1388187,6818398633           0,001
Schwefel             HillClimbingRR         10              0     3979,6246065616     12689,2663672880      9343,9633799638   5921956,1901171220           0,001
Schwefel         SimulatedAnnealing         10              0        2,1864500668        53,9956663331     d   13,8163765162       136,5602556462           0,002

Rastrigin             BHillClimbing         10              0       20,2365353599        49,5561797556        37,0584223053        41,1011895852           0,003
Rastrigin              HillClimbing         10              0       63,3379628641       144,2314199421       100,9615120282       403,8762463810           0,005
Rastrigin            HillClimbingSA         10              0       65,6114995221       148,2602717829       101,2414913178       450,9231554701           0,004
Rastrigin           HillClimbingSAR         10              0       26,8043286192        75,5757802716        50,0870589024       123,6261132911           0,004
Rastrigin              RandomSearch         10              0       51,0609373606        82,3929645820        73,6494487077        61,8906293555           0,004
Rastrigin            HillClimbingRR         10              0       58,2678150606        90,1652111935        74,3571697552        62,7129733881           0,004
Rastrigin        SimulatedAnnealing         10              0       47,9107871220        80,1195589551        62,3952069054        82,7468560813           0,005

Griewank              BHillClimbing         10              0        4,4752922374        21,8723484941        12,5880005421        15,5147260833           0,003
Griewank               HillClimbing         10              0       38,1630632058       120,3016485650        61,5255011571       312,0431456280           0,005
Griewank             HillClimbingSA         10              0       99,0739099263       349,6223561170       206,2306850799      5626,4210115148           0,005
Griewank            HillClimbingSAR         10              0       84,5136857289       336,0642500546       203,9593861402      4179,3690554441           0,004
Griewank               RandomSearch         10              0       36,0836028690        76,9260864340        50,7742510308       106,4927777290           0,005
Griewank             HillClimbingRR         10              0       39,2271506969       144,3088432710        90,1531173107       668,2931669618           0,005
Griewank         SimulatedAnnealing         10              0      118,8248264825       409,8101466484       258,6126208402      6356,2994438644           0,005

Ackley                BHillClimbing         10              0        9,0198406184        14,3963844168        11,6102277982         2,4902280364           0,003
Ackley                 HillClimbing         10              0       18,2247464307        20,2940515860        19,7724083391         0,2301536970           0,005
Ackley               HillClimbingSA         10              0       18,7936536490        20,3410140437        19,7785015330         0,1720562104           0,005
Ackley              HillClimbingSAR         10              0       17,3616140414        20,3560167308        19,5575596238         0,5594735138           0,005
Ackley                 RandomSearch         10              0       15,2287052628        18,6402803147        17,2322069499         0,5875327039           0,005
Ackley               HillClimbingRR         10              0       16,7672725867        19,2035276619        18,3246956158         0,4382412398           0,005
Ackley           SimulatedAnnealing         10              0       19,0284588863        20,3477737284        19,8711278192         0,0997319841           0,005

