Funcion                   Algoritmo          D       Pro.Ite.        Mejor Optimo          Peor Optimo     Promedio Optimos   Desviacion Optimos      Tiempo Promedio 
Step                  BHillClimbing         10              0      234,0000000000      2106,0000000000      1115,2000000000    228612,3034482759           0,005
Step                   HillClimbing         10              0     1466,0000000000     44232,0000000000     20017,2000000000 116022279,3379310200           0,007
Step                 HillClimbingSA         10              0      522,0000000000     42030,0000000000     22258,2666666667 121740552,4091954000           0,004
Step                HillClimbingSAR         10              0        0,0000000000        58,0000000000         2,4333333333       111,5643678161           0,004
Step                   RandomSearch         10              0     3287,0000000000      7690,0000000000      5534,1000000000   1553545,8172413800           0,004
Step                 HillClimbingRR         10              0     5742,0000000000     10919,0000000000      8469,2333333333   2370658,1850574715           0,003
Step             SimulatedAnnealing         10              0        2,0000000000        19,0000000000         4,7333333333        13,1678160920           0,003

Sphere                BHillClimbing         10              0      381,4153206778      2307,5893391791      1220,5350631509    203108,9307813589           0,002
Sphere                 HillClimbing         10              0        0,0741182753         0,2029473603         0,1490453777         0,0012478960           0,002
Sphere               HillClimbingSA         10              0        0,0821837986         0,2837267183         0,1824622801         0,0021909281           0,001
Sphere              HillClimbingSAR         10              0        0,1537215137         0,4777182274         0,2852631603         0,0049973013           0,001
Sphere                 RandomSearch         10              0     2314,5387754497      7271,6798535405      5248,9001900771   1449603,4908842654           0,001
Sphere               HillClimbingRR         10              0     4727,7182128074     11109,4495581526      7625,1145196386   3058820,7034103214           0,001
Sphere           SimulatedAnnealing         10              0        0,7228991888         4,4763908157         2,0020982374         0,7483912305           0,002

Schwefel              BHillClimbing         10              0     1228,8839962844      4524,0341677685      2523,1457681626    775935,8596481326           0,001
Schwefel               HillClimbing         10              0        0,1039642468         0,3053829714         0,2047549814         0,0023207729           0,002
Schwefel             HillClimbingSA         10              0        0,2143228254        42,3243454055         3,2412649889        71,5446161207           0,002
Schwefel            HillClimbingSAR         10              0        0,2778434080        96,2593393126         5,3781345770       308,1972103536           0,001
Schwefel               RandomSearch         10              0     2834,5340938666      8134,5864645095      5253,7542272693   1388187,6818398633           0,001
Schwefel             HillClimbingRR         10              0     4919,2092786916     11384,9966335503      7933,6214145608   3498182,7958975337           0,001
Schwefel         SimulatedAnnealing         10              0        2,1864500668        53,9956663331        13,8163765162       136,5602556462           0,002

Rastrigin             BHillClimbing         10              0       20,2365353599        49,5561797556        37,0584223053        41,1011895852           0,003
Rastrigin              HillClimbing         10              0       63,3379628641       144,2314199421       100,9615120282       403,8762463810           0,004
Rastrigin            HillClimbingSA         10              0       65,6114995221       139,1956311342        99,5635314459       381,1413644967           0,004
Rastrigin           HillClimbingSAR         10              0       34,3742226053        68,8538183532        49,1083949380        97,0231244221           0,004
Rastrigin              RandomSearch         10              0       51,0609373606        82,3929645820        73,6494487077        61,8906293555           0,004
Rastrigin            HillClimbingRR         10              0       56,8282238873        87,5979490156        76,8447239429        42,2440880007           0,004
Rastrigin        SimulatedAnnealing         10              0       47,9107871220        80,1195589551        62,3952069054        82,7468560813           0,005

Griewank              BHillClimbing         10              0        4,4752922374        21,8723484941        12,5880005421        15,5147260833           0,002
Griewank               HillClimbing         10              0       38,1630632058       120,3016485650        61,5255011571       312,0431456280           0,004
Griewank             HillClimbingSA         10              0       59,8917298735       254,0582059054       138,3064532394      3374,9333246559           0,005
Griewank            HillClimbingSAR         10              0       45,9481466071       243,7550237060       134,4048861454      2555,5410728264           0,005
Griewank               RandomSearch         10              0       36,0836028690        76,9260864340        50,7742510308       106,4927777290           0,005
Griewank             HillClimbingRR         10              0       35,9929679156       102,0623755452        74,3840549184       229,9284170514           0,005
Griewank         SimulatedAnnealing         10              0      118,8248264825       409,8101466484       258,6126208402      6356,2994438644           0,005

Ackley                BHillClimbing         10              0        9,0198406184        14,3963844168        11,6102277982         2,4902280364           0,003
Ackley                 HillClimbing         10              0       18,2247464307        20,2940515860        19,7724083391         0,2301536970           0,005
Ackley               HillClimbingSA         10              0       18,9433314583        20,3560396541        19,7612537001         0,1675119122           0,005
Ackley              HillClimbingSAR         10              0        1,3679108345        20,3859501416        14,1202604248        58,6700395231           0,005
Ackley                 RandomSearch         10              0       15,2287052628        18,6402803147        17,2322069499         0,5875327039           0,005
Ackley               HillClimbingRR         10              0       15,6100147669        19,1579083182        17,6797299904         0,9116397260           0,005
Ackley           SimulatedAnnealing         10              0       19,0284588863        20,3477737284        19,8711278192         0,0997319841           0,005

